valor_total
136201.83
141990.89
89564.08
114742.19
98995.0
122193.53
142536.2
112267.27
133554.55
207913.68
59433.880000000005
167651.92
198875.2
151172.08
221005.77000000002
220950.98
171385.67
94030.39
176686.94
149156.67
268285.97
83413.07
152560.42
130969.40000000001
166225.72
171331.47
134128.99
133809.84
167424.27
98248.48
217671.2
147988.44
55468.19
155515.38
95507.11
116492.21
91776.28
111039.41
177110.79
105953.59
86588.45999999999
188999.41
138242.82
140941.55
110307.58
182945.32
169713.34
107433.26999999999
146458.57
78229.24
250341.56
227077.47
110983.18000000001
86679.26
119191.87999999999
230455.81
171003.69
119003.36
227526.06
147423.17
98426.73
226849.79
160847.48
116601.37
188224.52
204100.41999999998
165933.48
133283.56
154857.2
124060.95
160767.09
166302.48
189048.07
193225.07
134573.82
137221.63
178090.26
160677.89
176737.76
129055.7
123041.12
206559.66999999998
149882.72
155364.57
148022.55000000002
151697.89
190662.23
160514.63999999998
111900.88
180063.33
90321.29000000001
114673.98
173545.39
72060.04000000001
161408.44
123731.33
115292.98
72770.79000000001
139491.48
110878.6
124943.77
93075.13
191234.32
158605.62
155098.51
202283.29
135040.49
125932.72
136982.73
123193.33
164357.87
231819.84
174097.82
145134.07
163371.36
67592.44
288478.22
149832.04
106204.1
138708.34
149683.57
162128.93
155614.6
57193.3
119237.15
95488.85
92614.52
196391.52
152929.79
178837.51
143002.49
167148.79
213483.41999999998
183303.67
111795.49
127671.47
106262.83
137423.22
114060.18
79311.56
136284.45
94396.76000000001
107594.89
131088.43
127806.33
210738.73
198300.9
105242.93
214540.06
103358.53
90857.42
98869.57
117164.85
129686.0
141642.78
210526.23
64147.09
175318.29
109517.69
69237.34
209270.76
190555.39
123744.77
120001.01000000001
264346.83
212746.02000000002
136830.11
118709.77
168424.54
88454.99
213645.61000000002
305717.39
126840.66
99008.89
192874.56
141550.41
170638.03
178729.97
140379.17
216444.17
161311.45
126045.5
117725.43
163190.51
91546.94
158304.89
130379.44
137396.41
185327.56
97094.51
160953.4
217339.77
117924.92
116915.43
156246.0
158331.21
138350.68
107510.07
155911.44
108876.73000000001
168254.82
194831.7
114011.99
201678.32
129266.63
106327.27
180307.46
195414.08
166649.92
131259.51
154889.51
146312.96
118606.70999999999
186045.73
186557.33000000002
213781.72
198328.15
127622.76999999999
233269.62
160239.52
167585.33000000002
138684.6
72893.59
127340.38
134850.59
177039.36
149146.77000000002
168438.11
133015.45
127943.52
122798.12
165539.15
155733.43
172407.75
134916.19
171948.25
200049.24
84175.33
103143.43000000001
94808.98
186592.23
91004.1
152500.26
289070.96
173153.21
192362.21
227500.56999999998
110306.08
181382.43
106171.9
151051.16
68939.94
191620.66
141484.72
290007.48
117496.22
244118.53
106538.22
159311.53
179992.04
121886.88
132208.63
116415.48
108154.72
199567.09
181303.49
150354.34
137655.51
192036.93
191813.62
228218.06
131162.31
225562.48
104073.2
161452.19
150226.97
109761.07
151987.4
149392.05
91609.73
107842.82
138361.01
193845.61
95243.12
127765.38
131874.27
148729.87
159095.34
110275.39
135037.39
137899.16
84773.77
235778.85
210248.52
114106.51
121168.63
316311.68
130007.16
107186.04000000001
160167.18
79041.18000000001
160471.58
143316.69
254023.51
80404.72
139564.77
202927.43
199852.84
134051.98
131302.76
179679.88
74695.99
286127.9
98072.13
107886.68000000001
222611.87
155534.98
175084.29
60830.78999999999
205293.12
126159.83
81865.4
74600.17
150298.22
168927.36
125083.41
123796.04
122509.83
365475.69999999995
199401.74
151849.71
145952.91
156148.58
177669.88
173179.99
197437.61
140536.68
135134.03
175156.28
92460.29
124169.22
188720.51
164522.68
132085.1
203263.21
177686.99
80252.36
162136.23
126938.76
104344.28
138629.03
80644.17
117835.35
85965.87
137936.12
169992.01
156941.57
98270.41
91961.72
135924.41
146417.57
77969.83
106961.21
222983.99
174664.68
126711.24
169199.96
259116.59
177569.24
62720.81
166507.15
176818.01
228075.07
93609.56
197888.27
253119.93
113228.5
168376.38
135865.91
126549.75
159203.55
239205.96
151174.7
98139.89
110037.91
131525.01
251909.2
115250.23999999999
211767.0
139097.31
102584.7
137698.45
163955.35
165399.24
98746.05
197744.9
102138.97
188608.04
157985.56
89640.97
316905.16
203848.41
165835.7
154640.07
229282.54
82545.53
106542.65000000001
116266.98
171196.15
123978.22
107822.25
167770.4
164475.13
86174.94
124630.9
135930.32
146531.93
55369.229999999996
140468.22
193469.44
105330.97
192798.12
192433.66999999998
118820.02
111802.64
117872.66
149639.63
190193.76
127962.47
26605.489999999998
116989.34
130954.48
113684.18000000001
171433.9
144973.99
69808.44
76199.93
126396.33
185234.59
136915.21
193118.44
148671.3
244868.97999999998
209011.89
131427.54
182911.95
280408.74
142138.55
132851.55
142218.44
54821.4
98803.1
98554.8
151239.32
155976.0
144970.11000000002
117558.26000000001
126053.22
126841.42
126515.20000000001
115150.0
151804.28
199745.27000000002
233120.0
95362.14
200515.35
196221.34
135093.85
96466.22
100757.77
256087.11
171943.46000000002
134441.93
151985.06
184752.13
130961.33
116059.7
144351.38
137787.26
178574.48
130973.2
174739.72999999998
170337.89
133312.87
107967.32
128772.04000000001
138837.59
94144.20999999999
82507.93000000001
95018.55
148386.57
205390.1
126099.84
155892.09
125102.67
152135.86
137596.45
174901.45
77924.28
120857.32
105566.37
194082.92
238594.23
127003.15000000001
107808.71
181018.43
65363.43
166737.72
236145.73
103916.87
173437.99
99513.21
141076.58
95600.75
87262.91
201908.19
109160.08
130130.76000000001
175291.99
191283.43
153373.34
270764.13
158046.88
93262.62
118641.25
174176.29
273996.02
205285.74
139358.17
186051.35
187759.45
111265.95
197908.47
187483.05
90597.86
143561.91999999998
173078.81
149001.65
81864.14
244063.15
127227.66
141563.7
131743.38
99720.65000000001
98217.91
134391.38
144193.75
151818.49
81110.34999999999
161151.95
109101.97
133883.47
131175.01
103644.52
124697.86
123174.56
117672.32
180393.44999999998
145352.05
225076.22
204288.83000000002
119171.81
142274.03
91982.89
124005.12
169482.68
143347.23
155997.31
153883.69
175943.53
163300.04
69674.25
193415.56
134513.39
147322.03
108693.64
131579.18
123205.59
163943.61
124787.15000000001
150447.4
220189.06
184282.76
202867.19
88063.51
127192.91
120506.85
146975.17
277826.45
115851.75
122003.17
91721.26000000001
123070.04
143007.73
173221.65
179991.08000000002
131435.74
114450.70999999999
165595.81
142572.45
229521.65
202859.2
100889.1
145000.21
122605.53000000001
221811.19
185588.88
101098.42
104207.76000000001
123321.35
165037.41
142004.18
61667.91
155113.69
114052.94
87465.48
159765.48
199270.39
152837.81
144657.97
171479.59
127811.38
224928.52
119618.2
156281.37
137968.2
161774.22
169891.55
94912.34999999999
108763.69
140967.81
123437.33
141253.55
134119.94
185072.04
103548.89
132205.1
146465.77
177216.1
199783.41
117181.31
136242.38
127078.9
108909.12
94477.02
198013.75
202704.33000000002
128972.35
252122.19
108511.47
136490.96
161187.51
186972.22
165055.63
187505.35
133722.78
192821.53
200891.14
150104.19
107850.3
169481.5
139820.82
179015.17
165865.82
59441.62
202991.52
113444.39
145838.04
108187.56
108234.9
123612.15
88364.33
84040.45
72941.37
120815.99
191440.22
131267.33000000002
127123.68
101522.65
335619.26
109902.91
110922.57
111201.59
175855.02
220026.37
99736.59
225285.5
148585.89
137788.18
154066.0
143217.63
144994.63
161258.41
178558.51
169361.07
120540.08
153412.64
157673.96
133533.16
132887.03
242148.76
203936.27000000002
127582.38
127972.37
167160.0
190946.62
70814.86
188479.31
169448.99
148252.18
176384.37
200984.72999999998
109439.18000000001
84630.11
171404.84
128314.29000000001
148557.36
149419.22999999998
109867.42
164406.37
78391.96
173358.85
245186.61
140568.02
105822.52
167634.27
139335.48
190779.18
86473.37
157592.19
141554.34
220595.15
122977.40000000001
59154.18
181764.02
101858.28
122130.08
124033.95
115205.53
185400.78
169776.38
99221.08
205493.83000000002
131486.08
68276.38
131213.54
114953.33
116660.52
108972.69
126449.06
98130.65
117468.26000000001
95316.34
189223.85
136262.62
248164.64
233961.88
248170.25
109635.91
104814.89
254265.79
185033.48
172078.16
154746.55
79684.82
200506.0
100379.05
132092.48
104759.08
173784.87
128948.3
135812.17
61879.78
149921.81
137812.55
128807.55
83617.78
143599.84
57768.42999999999
128106.52
125887.02
108587.83
242584.15
110841.01
211230.26
183276.29
184679.38
259831.96000000002
86025.91
210137.23
177658.2
177747.65
187051.74
182004.0
155659.54
96334.06
176217.99
136378.67
180705.57
123653.49
138816.75
169064.67
170079.59000000003
127758.14
147538.16
119122.20999999999
97376.41
161694.95
103185.86
156583.88999999998
92988.75
136406.49
138512.02
214595.75
85688.92
210443.76
112871.01
146657.16
174729.76
159176.07
153682.15
148805.72
74565.56
142273.92
190090.55
150599.55
162435.13
228916.5
61874.29
145277.64
136679.55000000002
145506.12
210240.57
203396.82
172579.37
132702.06
159623.41999999998
137040.83
260602.46
189671.3
111490.5
173549.41
273122.81
128613.59
216074.28
164573.74
180219.78
176519.38
282045.87
175898.97
87382.3
133362.72
166280.14
98396.68
257011.62
146377.78
151950.0
159029.62
239763.65
107199.8
182259.99
201802.66999999998
109793.98999999999
199922.48
211575.38
128692.87
105977.15
291025.14
295403.52999999997
205882.06
209823.8
98617.23
128897.52
177198.68
149545.77
87012.21
90868.27
130003.53
107055.88
117138.19
163363.64
121657.92
116601.42
175168.29
185892.15
340088.36
137726.85
138895.12
126258.89
152362.25
193044.05
174604.22
165372.59
154323.75
134350.19
148894.83000000002
151877.57
185915.3
197750.77
155192.62
80057.55
152015.31
112612.28
144118.21
112155.05
110504.15
101268.32
115690.06999999999
127950.71
122640.21
149630.49
121548.39
183959.03999999998
197533.98
212560.67
255765.04
176823.92
100553.75
168089.82
124941.03
155332.82
205599.86000000002
194617.09
125387.62
193019.05
136567.55
97947.4
106538.14
197335.81
167100.41
107712.95
101016.65
136355.38
168965.49
150366.49
140025.66
130860.53
119430.5
160845.18
209658.12
120579.65
315743.12000000005
137707.16
134358.72
186990.16
155690.53
114346.12
266624.5
153064.09
164336.5
113894.57
146121.65
151311.8
214739.11000000002
91078.39
171220.59
77329.03
142005.17
152993.63
161692.06
118603.35
188889.36
220127.88999999998
97626.76
111309.81
73884.42
178595.84
153828.85
156396.86
128121.62
155901.56
64908.68
154191.89
132099.94
158016.29
113111.55
128067.74
124743.02
187031.46
98939.22
162151.61
181514.57
107729.88
195620.58
133375.1
145679.26
168330.6
157775.04
166337.01
83208.13
183035.03
183042.06
136359.58
158059.35
119349.81
93205.87
97882.99
81046.46
257686.68
212356.7
