valor_total
1309362.75
1285983.65
1245190.18
1158402.27
1157040.1
1156373.49
1120844.37
1089652.18
1087053.49
1051085.36
1047096.42
1040324.6799999999
1026870.39
1015616.5700000001
998120.0700000001
993112.84
983638.39
980422.51
979353.0599999999
978427.02
973717.8
969053.74
962157.52
956027.0599999999
949579.14
943111.84
942435.6
941451.12
937692.88
929664.47
924480.01
920939.79
919980.88
915363.87
911200.71
909816.65
905874.58
900684.31
889357.98
879677.41
870742.52
862011.47
860395.44
855293.96
848059.23
842935.86
840287.35
834128.11
833544.74
833509.78
830084.99
827541.46
826325.08
824400.04
823750.86
822094.55
817171.6799999999
816997.58
816452.32
810260.29
810148.17
809979.22
806732.93
804985.86
800136.5
798608.12
796541.77
796478.59
786692.98
783356.58
782507.2
780295.04
779295.01
778980.72
778735.64
773496.46
773470.16
773297.78
772672.04
767198.12
767097.43
763944.75
759562.93
759296.58
759201.62
755635.81
752411.85
750613.24
749555.78
745885.73
744313.71
743488.88
733318.98
732390.65
729712.5
724200.4
722928.38
720258.22
717761.47
714898.89
710033.54
701680.04
695742.67
695277.82
692462.64
692191.6
686538.38
684915.3
681495.82
679855.52
679310.14
676850.06
675821.36
674969.8
669597.82
664381.35
664227.52
662354.33
660780.99
659221.15
657628.85
653404.69
653277.06
650856.87
650757.6900000001
646134.44
645921.59
644616.89
642514.91
640867.12
640295.51
632060.01
624413.57
624261.77
623744.72
621782.84
617483.17
616959.36
612610.65
612516.55
610053.49
609683.58
607663.5700000001
607603.84
605054.9
605030.98
602455.87
602210.48
601763.92
600711.5700000001
600232.45
599407.23
598668.99
597627.2
595754.1
595084.0
594108.89
592354.89
582867.32
575173.11
570303.71
566005.58
561247.01
561206.35
560911.3
559444.96
556824.78
556680.76
556498.58
550736.43
548309.89
547504.86
547448.79
547293.93
547076.69
540076.38
522981.76
522676.89
519293.83999999997
519203.82
518948.05
517969.12
515353.10000000003
514477.06
509047.91
508307.17
501695.02
500510.33
496497.3
481967.75
479425.92
468548.46
465043.39
464612.49
462170.52
460419.69
450539.84
449579.91
445422.92
436459.29
420002.29
410152.37
404941.82
377006.98
370033.12
354954.8
350938.05
341636.49
