valor_total
7446.087325581396
7055.875459459459
7559.155833333333
7077.012705882353
7368.140243902439
7244.587175141242
6969.660628571429
7646.616700507614
7314.345714285714
8168.612323232323
7742.840655737706
7566.956008230453
7655.2664
6962.2849242424245
7290.345833333334
7029.8193014705885
7487.9797570850205
6402.165
8058.8504375
7110.77377245509
7632.119235294118
7014.494771573604
8484.657331288343
6916.429731543624
7662.943627450981
6728.343966480447
7149.19552631579
7903.270650684931
7342.553804878049
8287.309285714286
8503.96268041237
7494.802043478261
8259.520498084292
7045.107162162162
6768.701991701245
7191.92653409091
7511.779527559055
8703.632589928056
7004.7563099631
7570.560204081633
6999.899793388429
7667.953157894737
7281.800285714286
6992.094713375797
6750.990532319392
6963.828571428571
6512.157009345795
8185.942713178295
6988.514418604651
7618.115721393035
7276.777605633803
9077.538406593407
6929.988862559241
6884.031794871795
8412.218928571428
8101.353041666666
8060.557179487179
7631.6196969696975
7785.703833333333
7281.742971698113
6782.50463576159
7293.253770491803
6961.270209424084
7421.817005988024
7332.603445945946
8919.799876543211
7153.75955882353
7194.326194029851
7173.623780487806
9146.639166666666
7026.977666666667
8258.449099099098
7700.871945945946
7011.606358024691
7361.139275362319
7267.644769736841
7122.143549382717
7881.362595870206
6960.044093959732
7587.2349815498155
7515.941768292682
7856.860070422535
8110.428795180723
6786.141510204081
7835.515571428571
8408.875638297872
7890.480977917981
7831.475574468085
6864.498638743456
8083.826985294118
7085.210305676856
7261.215398230088
7702.303146067416
7470.247720930232
7669.473419354838
7861.629303278689
6605.08403508772
7674.667266666667
7213.33809815951
7856.417157894737
7547.556113360324
8105.093956834533
6833.0106271777
7562.450747663551
